[?25l[0m [38;2;0;0;0m                                                         [0m
 [38;2;0;0;0m                                                         [0m
 [38;2;0;0;0m                               [7m[38;2;52;52;52mРќі[0m[38;2;9;7;9;48;2;67;66;67mРќє[0m[38;2;37;35;37mРќї            [7m[38;2;38;36;38mРќІ[0m[38;2;4;2;4;48;2;65;64;65mРќє[0m[38;2;31;30;31mРќЇ        [0m
 [38;2;0;0;0m                           [0m [38;2;56;55;56mРќЂ[7m[38;2;73;71;73mРќі[0m[38;2;59;57;59;48;2;10;8;10mРќЈ[38;2;94;92;94;48;2;17;14;17mРќЂ[38;2;153;153;153;48;2;3;1;3mРќѓ[38;2;128;127;127;48;2;18;15;18mРќЂ[38;2;4;2;4;48;2;42;40;42mРќє[0m[38;2;39;38;40mРќІ      [0m [38;2;57;56;57mРќЂ[38;2;51;50;51mРќЂ[38;2;8;6;8;48;2;29;29;29mРќЄ[38;2;105;105;105;48;2;16;13;16mРќЂ[38;2;203;204;203;48;2;13;11;13mРќЂ[38;2;102;102;103;48;2;16;14;16mРќЂ[38;2;9;7;9;48;2;38;37;38mРќЄ[0m[38;2;21;19;21mРќЇ      [0m
 [38;2;0;0;0m                         [0m [38;2;65;64;65mРќѓ[38;2;68;69;68mРќѓ[38;2;48;47;48;48;2;9;7;9mРќЇ[38;2;69;67;69;48;2;16;14;16mРќЂ[38;2;202;203;202;48;2;7;5;7mРќѓ[38;2;74;73;74;48;2;206;207;206mРќї[38;2;251;253;251;48;2;245;246;244mРќЄ[38;2;218;218;218;48;2;48;47;48mРќІ[38;2;3;1;3;48;2;8;6;8mРќЅ[0m[38;2;41;39;41mРќІ[38;2;70;70;70mРќѓ[0m [38;2;26;26;26m   [38;2;70;71;70mРќѓ[38;2;64;64;64mРќѓ[38;2;8;6;8;48;2;58;58;58mРќЄ[38;2;84;83;84;48;2;17;15;17mРќЂ[38;2;204;204;204;48;2;7;5;7mРќѓ[38;2;85;84;85;48;2;223;223;221mРќї[38;2;251;253;251;48;2;244;246;244mРќЄ[38;2;211;211;210;48;2;39;38;39mРќї[38;2;3;1;3;48;2;5;3;5mРќЅ[0m[38;2;11;9;11mРќЇ      [0m
 [38;2;0;0;0m                        [38;2;39;38;39mРќѓ[38;2;34;32;34mРќѓ[38;2;70;69;70;48;2;5;4;5mРќЇ[38;2;11;9;11;48;2;52;51;52mРќЅ[38;2;201;200;201;48;2;4;2;4mРќЃ[38;2;7;5;7;48;2;167;166;167mРќў[38;2;241;242;241;48;2;251;253;251mРќЈ[38;2;251;253;251;48;2;236;238;236mРћѕ[38;2;68;66;68;48;2;243;245;243mРќѓ[38;2;173;173;173;48;2;37;36;37mРќІ[48;2;3;1;3m [38;2;3;1;3;48;2;5;3;5mРќЄ[48;2;17;14;17mРќЅ[0m[38;2;38;36;38mРќЇ[38;2;36;34;36mРќѓ[38;2;35;33;35mРќѓ[38;2;37;34;37mРќѓ[38;2;39;38;39;48;2;12;10;12mРќј[38;2;3;1;3;48;2;5;3;5mРќЄ[48;2;3;1;3m [38;2;5;3;5;48;2;140;139;140mРќї[38;2;64;62;64;48;2;243;244;243mРќѓ[38;2;131;130;130;48;2;237;238;237mРќЂ[48;2;251;253;251m [38;2;212;211;208;48;2;38;37;38mРќї[38;2;3;1;3;48;2;5;3;5mРќЅ[0m[38;2;11;9;11mРќЇ      [0m
 [38;2;0;0;0m                    [38;2;50;49;50mРќЌ[38;2;34;33;34mРќЃ[38;2;34;34;34mРќЃ[38;2;35;34;35mРќЃ[7m[38;2;24;23;24mРќЈ[0m[38;2;13;12;13;48;2;3;1;3m  [38;2;12;10;12;48;2;98;98;98mРќі[38;2;28;27;28;48;2;228;229;228mРќѓ[38;2;29;28;29;48;2;233;234;233mРќѓРќѓ[38;2;21;19;21;48;2;178;177;178mРќѓ[38;2;11;9;11;48;2;3;1;3mРќЈ             [38;2;218;217;214;48;2;50;49;50mРќЮ[38;2;25;24;25;48;2;232;233;232mРќѓ[38;2;212;211;209;48;2;49;48;49mРќў[38;2;3;1;3;48;2;5;3;5mРќЅ[0m[38;2;11;9;11mРќЇ      [0m
 [38;2;0;0;0m                  [38;2;44;44;45mРќЌ[38;2;39;38;39mРќё[7m[38;2;37;35;37mРќў[0m[38;2;4;2;4;48;2;3;1;3mРќЈ                           [38;2;3;1;3;48;2;5;3;5mРќЅ[0m[38;2;11;9;11mРќЇ      [0m
 [38;2;0;0;0m                [0m [38;2;45;43;45mРќЁ[38;2;32;30;32mРќЁ[38;2;13;12;15;48;2;3;1;3mРќЈ                             [38;2;3;1;3;48;2;5;3;5mРќЅ[0m[38;2;11;9;11mРќЇ      [0m
 [38;2;0;0;0m                [0m [38;2;13;10;13;48;2;5;3;5mРќЈ[48;2;3;1;3m                               [38;2;3;1;3;48;2;5;3;5mРќЅ[0m[38;2;11;9;11mРќЇ      [0m
 [38;2;0;0;0m                [0m [38;2;13;10;13;48;2;5;3;5mРќЈ[48;2;3;1;3m                                [0m[7m[38;2;12;10;12mРќЮ[0m[38;2;50;48;50;48;2;14;13;14mРћЂ[0m [38;2;20;19;20m    [0m
 [38;2;0;0;0m     [38;2;47;46;47mРќЌ[38;2;9;7;9mРќЁ[38;2;8;6;8mРќЁРќЁРќЁРќЁРќЁРќЁРќЁ[38;2;3;1;3mРќќ [0m [38;2;13;10;13;48;2;5;3;5mРќЈ[48;2;3;1;3m                                 [38;2;3;1;3;48;2;24;23;24mРќі[0m[38;2;20;20;20mРќј    [0m
 [38;2;0;0;0m   [7m[38;2;31;30;31mРќЅ[0m[38;2;19;17;19mРќє[38;2;15;13;15mРќЄ[48;2;3;1;3m        [38;2;17;15;17mРќЮ[0m[38;2;15;13;15mРќє[38;2;19;17;19mРќЄ[38;2;3;1;3;48;2;4;2;4mРћѕ[48;2;3;1;3m           [38;2;7;4;7;48;2;147;147;147mРќІ[38;2;235;236;235;48;2;26;27;26mРќЄ[38;2;237;238;237mРќЄРќЄРќЄРќЄ[38;2;175;174;176;48;2;35;34;36mРќї[48;2;3;1;3m      [38;2;11;9;11;48;2;155;155;155mРќі[38;2;234;236;234;48;2;26;26;26mРќЄ[38;2;237;238;237;48;2;26;27;26mРќЄРќЄРќЄ[38;2;237;239;237;48;2;27;27;27mРќЄ[38;2;178;177;178;48;2;33;32;33mРќї[48;2;3;1;3m  [38;2;3;1;3;48;2;25;25;25mРќі[0m[38;2;21;21;21mРќј    [0m
 [38;2;0;0;0m   [7m[38;2;33;31;33mРќЅ[0m[38;2;31;28;31;48;2;3;1;3mРќј    [38;2;11;9;11mРќЂ[38;2;13;10;13mРќЂРќЂРќЂРќЂ[38;2;22;20;22mРќЂ              [38;2;7;5;7;48;2;56;54;55mРќЄ[38;2;3;1;3;48;2;150;151;150mРќє[48;2;152;152;152mРќєРќєРќєРќє[38;2;9;7;9;48;2;98;96;98mРќЄ[48;2;3;1;3m      [38;2;3;1;3;48;2;11;9;11mРћѕ[48;2;149;149;149mРќє[48;2;152;152;152mРќєРќє[48;2;151;151;151mРќє[48;2;150;150;150mРќє[38;2;10;8;10;48;2;100;98;100mРќЄ[48;2;3;1;3m  [38;2;3;1;3;48;2;25;25;25mРќі[0m[38;2;21;21;21mРќј    [0m
 [38;2;0;0;0m   [7m[38;2;30;29;30mРќЅ[0m[38;2;29;27;29;48;2;4;2;4mРќј[38;2;8;7;8;48;2;3;1;3mРќѓРќѓРќѓРќѓ[0m[38;2;13;10;13mРЋ┤[7m[38;2;11;9;11mРќЄРќЄРќЄРќЄ[38;2;41;41;41mРќЅ[0m[38;2;60;59;60;48;2;7;5;7mРќј[38;2;8;7;8;48;2;3;1;3mРќѓРќѓРќѓРќѓ[38;2;22;21;22;48;2;4;2;4mРќЂ[48;2;3;1;3m                             [38;2;3;1;3;48;2;5;3;5mРћѕ[38;2;4;2;4;48;2;24;23;24mРќі[0m[38;2;20;19;20mРќј    [0m
 [38;2;0;0;0m                    [7m[38;2;46;45;46mРќї[0m[38;2;4;2;4;48;2;8;6;8mРћѕ[38;2;20;19;20;48;2;6;4;6mРќЂ[38;2;3;1;3;48;2;9;7;8mРћѕ[38;2;28;26;28;48;2;3;1;3mРќѓ                       [38;2;22;20;22;48;2;6;4;6mРќЂ[38;2;18;18;19mРќЂ[0m[38;2;13;11;13mРќЇ      [0m
 [38;2;0;0;0m                        [7m[38;2;28;27;28mРќЂ[0m[38;2;9;8;9;48;2;3;1;3mРќЃРќЃРќЃРќЃРќЃРќЃРќЃРќЃРќЃРќЃРќЃРќЃРќЃРќЃРќЃРќЃРќЃРќЃРќЃРќЃРќЃРќЃРќЃ[0m[38;2;19;18;20mРќј        [0m
  РађРќёРќёРќёРќёРќёРќёРќёРќёРађРађРађРађРађРађРађРађРађРађРађРађРађРађРађРађРађРађРађРађРађРађРађРађРађРађРађРађРађРађРађРађРађРађРађРађРађРађРађРађРађРађРађРађРађРађРађРађРађ
  РађРќї MEWO РќљРађРађРађРађРађРађРађРађРађРађРађРађРађРађРађРађРађРађРађРађРађРађРађРађРађРађРађРађРађРађРађРађРађРађРађРађРађРађРађРађРађРађРађРађРађРађРађРађРађ
  РађРќђРќђРќђРќђРќђРќђРќђРќђРађРађРађРађРађРађРађРађРађРађРађРађРађРађРађРађРађРађРађРађРађРађРађРађРађРађРађРађРађРађРађРађРађРађРађРађРађРађРађРађРађРађРађРађРађРађРађРађРађ
  РађРќёРќёРќёРќёРќёРќёРќёРќёРќёРќёРќёРќёРќёРќёРќёРќёРќёРќёРќёРќёРќёРќёРќёРќёРќёРќёРќёРќёРќёРќёРќёРќёРќёРќёРќёРќёРќёРќёРќёРќёРќёРќёРќёРќёРќёРќёРќёРќёРќёРќёРќёРќёРќёРќёРќё
  РађРќї                                                     Рќљ
  РађРќї Meow? (Waiting for something to happen?)            Рќљ
  РађРќї                                                     Рќљ
  РађРќђРќђРќђРќђРќђРќђРќђРќђРќђРќђРќђРќђРќђРќђРќђРќђРќђРќђРќђРќђРќђРќђРќђРќђРќђРќђРќђРќђРќђРќђРќђРќђРќђРќђРќђРќђРќђРќђРќђРќђРќђРќђРќђРќђРќђРќђРќђРќђРќђРќђРќђРќђРќђРќђРќђ
